,Stock Code,Listing Date
0,565,10 Sep 2003
1,568,07 Feb 2007
2,569,12 Jul 2007
3,572,02 Jul 2003
4,573,29 Jun 2007
5,574,19 Jun 2015
6,579,22 Dec 2011
7,580,13 Oct 2010
8,581,02 Mar 2004
9,582,30 Apr 2002
10,658,04 Jul 2007
11,672,13 Nov 2007
12,691,04 Jul 2008
13,699,19 Sep 2014
14,700,16 Jun 2004
15,702,09 Feb 2000
16,703,15 Aug 2002
17,705,22 Dec 2008
18,707,30 Mar 2006
19,708,12 Feb 2008
20,712,30 Oct 2009
21,717,24 Apr 2007
22,728,15 Nov 2002
23,737,06 Aug 2003
24,750,13 Jan 2009
25,753,15 Dec 2004
26,756,10 Jul 2008
27,757,31 Mar 2008
28,763,09 Dec 2004
29,766,15 May 2002
30,789,16 May 2008
31,794,26 Feb 2009
32,798,28 Mar 2014
33,799,18 Oct 2013**
34,800,12 Jun 2008
35,804,12 Jun 2015**
36,805,25 May 2011
37,806,22 Nov 2007
38,808,16 Dec 2005
39,8003,02 Dec 1999
40,8005,31 Jan 2000
41,8006,09 Mar 2000
42,8007,17 Apr 2000
43,8008,17 Mar 2000
44,8009,31 Mar 2000
45,8011,12 Jul 2002
46,8016,24 Jan 2000
47,8019,20 Jul 2001
48,8021,07 Dec 2001
49,8022,13 Aug 2001
50,8025,16 Dec 1999
51,8026,28 Mar 2000
52,8028,25 Nov 1999
53,8029,14 Dec 2000
54,8032,06 Apr 2000
55,8033,25 Feb 2000
56,8037,17 Jun 2004
57,8041,07 Jul 2000
58,8045,24 Apr 2001
59,8046,16 Apr 2003
60,8047,01 Nov 2001
61,8048,30 Jun 2000
62,8079,15 Oct 2001
63,8080,20 Apr 2000
64,8081,19 Jun 2000
65,8082,02 Nov 2001
66,8083,14 Apr 2000
67,8085,07 Mar 2002
68,8086,02 Aug 2000
69,8088,17 Apr 2000
70,8089,18 May 2000
71,8092,21 Feb 2001
72,8095,27 Jul 2000
73,8100,31 Dec 2001
74,8103,08 Sep 2000
75,8106,03 May 2002
76,8108,14 Jul 2000
77,8109,31 Jan 2002
78,8111,03 Jan 2001
79,8225,10 Jul 2003
80,8226,19 Jul 2002
81,8227,05 Nov 2003
82,8228,17 Oct 2002
83,8233,16 Sep 2005
84,8235,12 Dec 2002
85,8236,12 Dec 2002
86,8239,15 Nov 2002
87,8243,13 Nov 2003
88,8247,27 Feb 2006
89,8249,14 Nov 2003
90,8250,18 Jun 2004
91,8256,20 Dec 2002
92,8258,03 Jul 2003
93,8266,09 May 2003
94,8270,12 Aug 2003
95,8271,04 Aug 2003
96,8273,18 Feb 2004
97,2663,08 Oct 2015**
98,6080,20 Oct 2017
99,8470,25 Oct 2017
